1000blockheight

10node
ブロックサイズ[0.2, 0.5, 1, 10, 100, 1000]
平均[1.8597475049900218, 1.8868423153692662, 1.8992457542457537, 2.6520667330677297, 11.235130822596636, 77.3540557692308]
標準偏差[0.6447543445291268, 0.7153470600018716, 0.669432181851424, 1.6369197668902222, 13.452985676503982, 111.40393982960578]
fork確率[0.09990, 0.09990, 0.00000, 0.29910, 0.79365, 3.75361]
辺数[44, 44, 43, 44, 45, 45]
平均次数[8.8, 8.8, 8.6, 8.8, 9.0, 9.0]
平均クラスタ係数[0.9777777777777779, 0.9777777777777776, 0.961111111111111, 0.9777777777777779, 1.0, 1.0]
平均頂点間距離[1.0222222222222221, 1.0222222222222221, 1.0444444444444445, 1.0222222222222221, 1.0, 1.0]


100node
ブロックサイズ[0.2, 0.5, 1, 10, 100, 1000]
平均[3.315211940298508, 3.4799780439121726, 4.152063745019917, 15.764970149253735, 110.9485988428157, 1299.1862653721687]
標準偏差[1.03327501834653, 1.2057554971382913, 1.7718874758325578, 19.376104780496522, 126.89787472217165, 2413.49485370497]
fork確率[0.39841, 0.09990, 0.29910, 0.39841, 3.47490, 15.48223]
辺数[862, 862, 862, 862, 862, 862]
平均次数[17.24, 17.24, 17.24, 17.24, 17.24, 17.24]
平均クラスタ係数[0.18058982718969735, 0.17829745413097242, 0.18640144200136113, 0.18479118978002057, 0.1891321435383649, 0.18301888885115308]
平均頂点間距離[1.8715151515151516, 1.882020202020202, 1.8682828282828283, 1.8686868686868687, 1.8733333333333333, 1.875959595959596]


1000node
ブロックサイズ[0.2, 0.5, 1, 10, 100, 1000]
平均[4.397545908183635, 4.635616383616392, 5.2181327345309425, 19.669640079760708, 147.87546491228068, 1451.864203899267]
標準偏差[1.3735194599911111, 1.4011928565583112, 1.9182055646280383, 16.619741509348334, 117.28263966253374, 1494.0347265927176]
fork確率[0.09990, 0.00000, 0.09990, 0.19960, 2.43902, 16.20487]
辺数[8639, 8639, 8639, 8639, 8639, 8639]
平均次数[17.278, 17.278, 17.278, 17.278, 17.278, 17.278]
平均クラスタ係数[0.018149903091654353, 0.017500925307657934, 0.01721248413241548, 0.018649937497517737, 0.01743128694915394, 0.019029291596142597]
平均頂点間距離[2.7273193193193195, 2.7252132132132134, 2.725025025025025, 2.7274694694694697, 2.7254154154154153, 2.726158158158158]


10000node
ブロックサイズ[0.2, 0.5, 1, 10, 100, 1000]
平均[5.288456630109671, 6.1073874501992025, 6.835490547263678, 25.203860557768895, 205.95863213939984, 2067.7742869496856]
標準偏差[1.4437305624846526, 1.8466625484938588, 2.562563763101399, 18.25651684645837, 142.80332544459546, 2013.3171625263456]
fork確率[0.19960, 0.29910, 0.39841, 0.29910, 3.19767, 16.87448]
辺数[86450, 86450, 86450, 86450, 86450]
平均次数[17.29, 17.29, 17.29, 17.29, 17.29]
平均クラスタ係数[0.001854396788890666, 0.0017369251178754087, 0.00179337682213734, 0.001770546469474808, 0.0017996730901764402, 0.0016678188344006752]
平均頂点間距離[3.55019499949995, 3.5507589558955894, 3.550706190619062, 3.5505955595559557, 3.5503166316631662, 3.5508914891489147]
