1000blockheight

0.2MB
ノード数[10,100,1000,10000]
平均[1.8597475049900218, 3.315211940298508, 4.397545908183635, 5.288456630109671]
標準偏差[0.6447543445291268, 1.03327501834653, 1.3735194599911111, 1.4437305624846526]
fork確率[0.09990, 0.39841, 0.09990, 0.19960]
辺数[44, 862, 8639, 86450]
平均次数[8.8, 17.24, 17.278, 17.29]
平均クラスタ係数[0.9777777777777779, 0.18058982718969735, 0.018149903091654353, 0.001854396788890666]
平均頂点間距離[1.0222222222222221, 1.8715151515151516, 2.7273193193193195, 3.55019499949995]
直径[2, 3, 4, 5]


0.5MB
ノード数[10,100,1000,10000]
平均[1.8868423153692662, 3.4799780439121726, 4.635616383616392, 6.1073874501992025]
標準偏差[0.7153470600018716, 1.2057554971382913, 1.4011928565583112, 1.8466625484938588]
fork確率[0.09990, 0.09990, 0.00000, 0.29910]
辺数[44, 862, 8639, 86450]
平均次数[8.8, 17.24, 17.278, 17.29]
平均クラスタ係数[0.9777777777777776, 0.17829745413097242, 0.017500925307657934, 0.0017369251178754087]
平均頂点間距離[1.0222222222222221, 1.882020202020202, 2.7252132132132134, 3.5507589558955894]
直径[2, 3, 4, 6]


1MB
ノード数[10,100,1000,10000]
平均[1.8992457542457537, 4.152063745019917, 5.2181327345309425, 6.835490547263678]
標準偏差[0.669432181851424, 1.7718874758325578, 1.9182055646280383, 2.562563763101399]
fork確率[0.00000, 0.29910, 0.09990, 0.39841]
辺数[43, 862, 8639, 86450]
平均次数[8.6, 17.24, 17.278, 17.29]
平均クラスタ係数[0.961111111111111, 0.18640144200136113, 0.01721248413241548, 0.00179337682213734]
平均頂点間距離[1.0444444444444445, 1.8682828282828283, 2.725025025025025, 3.550706190619062]
直径[2, 3, 4, 5]


10MB
ノード数[10,100,1000,10000]
平均[2.6520667330677297, 15.764970149253735, 19.669640079760708, 25.203860557768895]
標準偏差[1.6369197668902222, 19.376104780496522, 16.619741509348334, 18.25651684645837]
fork確率[0.29910, 0.39841, 0.19960, 0.29910]
辺数[44, 862, 8639, 86450]
平均次数[8.8, 17.24, 17.278, 17.29]
平均クラスタ係数[0.9777777777777779, 0.18479118978002057, 0.018649937497517737, 0.001770546469474808]
平均頂点間距離[1.0222222222222221, 1.8686868686868687, 2.7274694694694697, 3.5505955595559557]
直径[2, 3, 4, 5]


100MB
ノード数[10,100,1000,10000]
平均[11.235130822596636, 110.9485988428157, 147.87546491228068, 205.95863213939984]
標準偏差[13.452985676503982, 126.89787472217165, 117.28263966253374, 142.80332544459546]
fork確率[0.79365, 3.47490, 2.43902, 3.19767]
辺数[45, 862, 8639, 86450]
平均次数[9.0, 17.24, 17.278, 17.29]
平均クラスタ係数[1.0, 0.1891321435383649, 0.01743128694915394, 0.0017996730901764402]
平均頂点間距離[1.0, 1.8733333333333333, 2.7254154154154153, 3.5503166316631662]
直径[1, 3, 4, 6]


1000MB
ノード数[10,100,1000,10000]
平均[77.3540557692308, 1299.1862653721687, 1451.864203899267, 2067.7742869496856]
標準偏差[111.40393982960578, 2413.49485370497, 1494.0347265927176, 2013.3171625263456]
fork確率[3.75361, 15.48223, 16.20487, 16.87448]
辺数[45, 862, 8639, 86450]
平均次数[9.0, 17.24, 17.278, 17.29]
平均クラスタ係数[1.0, 0.18301888885115308, 0.019029291596142597, 0.0016678188344006752]
平均頂点間距離[1.0, 1.875959595959596, 2.726158158158158, 3.5508914891489147]
直径[1, 3, 4, 5]









